Множество образов:
[0, 1, 1]
[0, 1, 7]
[5, 7, 4]
[0, 5, 5]
[9, 4, 5]
[7, 1, 2]
[10, 0, 19]
[0, 12, 7]
[-5, -4, 5]
[20, 10, 15]
[0, 16, -16]
[-1, 9, -30]
[18, 0, 17]
[6, 18, 4]
[17, 0, 11]
[14, 16, 18]
[5, 13, 0]
[-5, -4, 0]
[5, 15, -11]
[-3, 10, -35]
[16, 2, 15]
[6, 15, 3]
[-9, -2, 5]
[0, 0, 3]
[19, 17, 11]
[6, 13, -14]
[-4, 5, -25]
[15, 12, 20]
[-2, 10, -32]
[7, 2, 0]

Кластеризация: Кластеризация слиянием; расстояние между образами: Расстояние доминирования между образами; расстояние между кластерами: Расстояние ближнего соседа между кластерами; пороговое расстояние между кластерами: 30;
Кластер #0:
[0, 1, 1]
[0, 0, 3]
[0, 1, 7]
[0, 5, 5]
[5, 7, 4]
[9, 4, 5]
[7, 1, 2]
[7, 2, 0]
[0, 12, 7]
[-5, -4, 5]
[-9, -2, 5]
[-5, -4, 0]
[6, 18, 4]
[6, 15, 3]
[5, 13, 0]
[10, 0, 19]
[18, 0, 17]
[16, 2, 15]
[17, 0, 11]
[20, 10, 15]
[14, 16, 18]
[15, 12, 20]
[19, 17, 11]
[0, 16, -16]
[5, 15, -11]
[6, 13, -14]
[-1, 9, -30]
[-2, 10, -32]
[-3, 10, -35]
[-4, 5, -25]
