Множество образов:
[0.3103448275862069, 0.22727272727272727, 0.6545454545454545]
[0.3103448275862069, 0.22727272727272727, 0.7636363636363637]
[0.4827586206896552, 0.5, 0.7090909090909091]
[0.3103448275862069, 0.4090909090909091, 0.7272727272727273]
[0.6206896551724138, 0.36363636363636365, 0.7272727272727273]
[0.5517241379310345, 0.22727272727272727, 0.6727272727272727]
[0.6551724137931034, 0.18181818181818182, 0.9818181818181818]
[0.3103448275862069, 0.7272727272727273, 0.7636363636363637]
[0.13793103448275862, 0.0, 0.7272727272727273]
[1.0, 0.6363636363636364, 0.9090909090909091]
[0.3103448275862069, 0.9090909090909091, 0.34545454545454546]
[0.27586206896551724, 0.5909090909090909, 0.09090909090909091]
[0.9310344827586207, 0.18181818181818182, 0.9454545454545454]
[0.5172413793103449, 1.0, 0.7090909090909091]
[0.896551724137931, 0.18181818181818182, 0.8363636363636363]
[0.7931034482758621, 0.9090909090909091, 0.9636363636363636]
[0.4827586206896552, 0.7727272727272727, 0.6363636363636364]
[0.13793103448275862, 0.0, 0.6363636363636364]
[0.4827586206896552, 0.8636363636363636, 0.43636363636363634]
[0.20689655172413793, 0.6363636363636364, 0.0]
[0.8620689655172413, 0.2727272727272727, 0.9090909090909091]
[0.5172413793103449, 0.8636363636363636, 0.6909090909090909]
[0.0, 0.09090909090909091, 0.7272727272727273]
[0.3103448275862069, 0.18181818181818182, 0.6909090909090909]
[0.9655172413793104, 0.9545454545454546, 0.8363636363636363]
[0.5172413793103449, 0.7727272727272727, 0.38181818181818183]
[0.1724137931034483, 0.4090909090909091, 0.18181818181818182]
[0.8275862068965517, 0.7272727272727273, 1.0]
[0.2413793103448276, 0.6363636363636364, 0.05454545454545454]
[0.5517241379310345, 0.2727272727272727, 0.6363636363636364]

Кластеризация: Кластеризация слиянием; расстояние между образами: Расстояние доминирования между образами; расстояние между кластерами: Расстояние между центрами кластеров; пороговое расстояние между кластерами: 15;
Кластер #0:
[0.3103448275862069, 0.22727272727272727, 0.6545454545454545]
[0.3103448275862069, 0.18181818181818182, 0.6909090909090909]
[0.3103448275862069, 0.22727272727272727, 0.7636363636363637]
[0.4827586206896552, 0.5, 0.7090909090909091]
[0.3103448275862069, 0.4090909090909091, 0.7272727272727273]
[0.6206896551724138, 0.36363636363636365, 0.7272727272727273]
[0.5517241379310345, 0.22727272727272727, 0.6727272727272727]
[0.5517241379310345, 0.2727272727272727, 0.6363636363636364]
[0.13793103448275862, 0.0, 0.7272727272727273]
[0.13793103448275862, 0.0, 0.6363636363636364]
[0.0, 0.09090909090909091, 0.7272727272727273]
[0.3103448275862069, 0.9090909090909091, 0.34545454545454546]
[0.4827586206896552, 0.8636363636363636, 0.43636363636363634]
[0.5172413793103449, 0.7727272727272727, 0.38181818181818183]
[0.27586206896551724, 0.5909090909090909, 0.09090909090909091]
[0.2413793103448276, 0.6363636363636364, 0.05454545454545454]
[0.20689655172413793, 0.6363636363636364, 0.0]
[0.1724137931034483, 0.4090909090909091, 0.18181818181818182]
[0.3103448275862069, 0.7272727272727273, 0.7636363636363637]
[0.5172413793103449, 1.0, 0.7090909090909091]
[0.4827586206896552, 0.7727272727272727, 0.6363636363636364]
[0.5172413793103449, 0.8636363636363636, 0.6909090909090909]
[1.0, 0.6363636363636364, 0.9090909090909091]
[0.8275862068965517, 0.7272727272727273, 1.0]
[0.7931034482758621, 0.9090909090909091, 0.9636363636363636]
[0.9655172413793104, 0.9545454545454546, 0.8363636363636363]
[0.6551724137931034, 0.18181818181818182, 0.9818181818181818]
[0.9310344827586207, 0.18181818181818182, 0.9454545454545454]
[0.8620689655172413, 0.2727272727272727, 0.9090909090909091]
[0.896551724137931, 0.18181818181818182, 0.8363636363636363]
