Множество образов:
[0, 1, 1]
[0, 1, 7]
[5, 7, 4]
[0, 5, 5]
[9, 4, 5]
[7, 1, 2]
[10, 0, 19]
[0, 12, 7]
[-5, -4, 5]
[20, 10, 15]
[0, 16, -16]
[-1, 9, -30]
[18, 0, 17]
[6, 18, 4]
[17, 0, 11]
[14, 16, 18]
[5, 13, 0]
[-5, -4, 0]
[5, 15, -11]
[-3, 10, -35]
[16, 2, 15]
[6, 15, 3]
[-9, -2, 5]
[0, 0, 3]
[19, 17, 11]
[6, 13, -14]
[-4, 5, -25]
[15, 12, 20]
[-2, 10, -32]
[7, 2, 0]

Кластеризация: Кластеризация слиянием; расстояние между образами: Евклидово расстояние между образами; расстояние между кластерами: Расстояние между центрами кластеров; пороговое расстояние между кластерами: 30;
Кластер #0:
[0, 1, 1]
[0, 0, 3]
[0, 1, 7]
[0, 5, 5]
Кластер #1:
[5, 7, 4]
[9, 4, 5]
[7, 1, 2]
[7, 2, 0]
Кластер #2:
[10, 0, 19]
Кластер #3:
[0, 12, 7]
Кластер #4:
[-5, -4, 5]
[-9, -2, 5]
Кластер #5:
[20, 10, 15]
Кластер #6:
[0, 16, -16]
Кластер #7:
[-1, 9, -30]
[-2, 10, -32]
[-3, 10, -35]
Кластер #8:
[18, 0, 17]
[16, 2, 15]
[17, 0, 11]
Кластер #9:
[6, 18, 4]
[6, 15, 3]
[5, 13, 0]
Кластер #10:
[14, 16, 18]
[15, 12, 20]
Кластер #11:
[-5, -4, 0]
Кластер #12:
[5, 15, -11]
[6, 13, -14]
Кластер #13:
[19, 17, 11]
Кластер #14:
[-4, 5, -25]
