Множество образов:
[0.31, 0.23, 0.65]
[0.31, 0.23, 0.76]
[0.48, 0.5, 0.71]
[0.31, 0.41, 0.73]
[0.62, 0.36, 0.73]
[0.55, 0.23, 0.67]
[0.66, 0.18, 0.98]
[0.31, 0.73, 0.76]
[0.14, 0.0, 0.73]
[1.0, 0.64, 0.91]
[0.31, 0.91, 0.35]
[0.28, 0.59, 0.09]
[0.93, 0.18, 0.95]
[0.52, 1.0, 0.71]
[0.9, 0.18, 0.84]
[0.79, 0.91, 0.96]
[0.48, 0.77, 0.64]
[0.14, 0.0, 0.64]
[0.48, 0.86, 0.44]
[0.21, 0.64, 0.0]
[0.86, 0.27, 0.91]
[0.52, 0.86, 0.69]
[0.0, 0.09, 0.73]
[0.31, 0.18, 0.69]
[0.97, 0.95, 0.84]
[0.52, 0.77, 0.38]
[0.17, 0.41, 0.18]
[0.83, 0.73, 1.0]
[0.24, 0.64, 0.05]
[0.55, 0.27, 0.64]

Кластеризация: Кластеризация слиянием; расстояние между образами: Евклидово расстояние между образами; расстояние между кластерами: Расстояние ближнего соседа между кластерами; пороговое расстояние между кластерами: 10;
Кластер #0:
[0.31, 0.23, 0.65]
[0.31, 0.18, 0.69]
[0.31, 0.23, 0.76]
[0.31, 0.41, 0.73]
[0.48, 0.5, 0.71]
[0.62, 0.36, 0.73]
[0.55, 0.23, 0.67]
[0.55, 0.27, 0.64]
[0.14, 0.0, 0.73]
[0.14, 0.0, 0.64]
[0.0, 0.09, 0.73]
[0.31, 0.73, 0.76]
[0.52, 1.0, 0.71]
[0.48, 0.77, 0.64]
[0.52, 0.86, 0.69]
[0.31, 0.91, 0.35]
[0.48, 0.86, 0.44]
[0.52, 0.77, 0.38]
[0.66, 0.18, 0.98]
[0.93, 0.18, 0.95]
[0.9, 0.18, 0.84]
[0.86, 0.27, 0.91]
[1.0, 0.64, 0.91]
[0.79, 0.91, 0.96]
[0.83, 0.73, 1.0]
[0.97, 0.95, 0.84]
[0.28, 0.59, 0.09]
[0.21, 0.64, 0.0]
[0.24, 0.64, 0.05]
[0.17, 0.41, 0.18]
